seconds=60.003836
sent_bps=4586338460.0287848
recv_bps=4583661792.8227119
retrans=33527
