seconds=60.038486
sent_bps=6955396005.8716974
recv_bps=6950746167.7164879
retrans=27689
